[ColorIntrinsic]
fx=1123.810425
fy=1123.577759
cx=944.609009
cy=522.795532
width=1920
height=1080
[ColorDistortion]
k1=0.079758
k2=-0.106584
k3=0.043353
k4=0.000000
k5=0.000000
k6=0.000000
p1=-0.000129
p2=0.000281


[DepthIntrinsic]
fx=504.702209
fy=504.730164
cx=335.197083
cy=324.530029
width=640
height=576
[DepthDistortion]
k1=15.029738
k2=7.894606
k3=0.305268
k4=15.339433
k5=12.982016
k6=1.865791
p1=0.000048
p2=0.000045


[D2CTransformParam]
rot0=0.994744
rot1=0.005222
rot2=0.003270
rot3=-0.005529
rot4=0.994736
rot5=0.102323
rot6=-0.002719
rot7=-0.102339
rot8=0.994746
trans0=-32.632080
trans1=-0.802043
trans2=2.370174
