[ColorIntrinsic]
fx=1124.681152
fy=1125.032471
cx=950.226013
cy=522.596008
width=1920
height=1080
[ColorDistortion]
k1=0.080180
k2=-0.107275
k3=0.043900
k4=0.000000
k5=0.000000
k6=0.000000
p1=-0.000005
p2=0.000094


[DepthIntrinsic]
fx=504.398956
fy=504.411163
cx=337.048340
cy=324.063080
width=640
height=576
[DepthDistortion]
k1=21.270107
k2=11.736489
k3=0.476807
k4=21.558514
k5=18.969381
k6=2.840160
p1=0.000070
p2=0.000006


[D2CTransformParam]
rot0=0.994308
rot1=0.007514
rot2=0.002800
rot3=-0.007769
rot4=0.994283
rot5=0.106494
rot6=-0.001983
rot7=-0.106513
rot8=0.994309
trans0=-32.594830
trans1=-0.764310
trans2=2.077133
