[ColorIntrinsic]
fx=1123.601562
fy=1123.292114
cx=950.175537
cy=522.930542
width=1920
height=1080
[ColorDistortion]
k1=0.074633
k2=-0.103694
k3=0.042451
k4=0.000000
k5=0.000000
k6=0.000000
p1=0.000185
p2=-0.000065


[DepthIntrinsic]
fx=504.214874
fy=504.095428
cx=333.931458
cy=322.181366
width=640
height=576
[DepthDistortion]
k1=23.041128
k2=10.465549
k3=0.315235
k4=23.343588
k5=18.247086
k6=2.226508
p1=0.000095
p2=0.000019


[D2CTransformParam]
rot0=0.993879
rot1=-0.005028
rot2=0.002965
rot3=0.004670
rot4=0.993871
rot5=0.110450
rot6=-0.003502
rot7=-0.110434
rot8=0.993877
trans0=-32.731895
trans1=-0.842885
trans2=2.320787
