[ColorIntrinsic]
fx=1121.246338
fy=1121.168823
cx=951.895142
cy=509.399780
width=1920
height=1080
[ColorDistortion]
k1=0.078259
k2=-0.108450
k3=0.045051
k4=0.000000
k5=0.000000
k6=0.000000
p1=-0.000404
p2=-0.000067


[DepthIntrinsic]
fx=504.555908
fy=504.552551
cx=329.891174
cy=319.358978
width=640
height=576
[DepthDistortion]
k1=17.013367
k2=10.082532
k3=0.444870
k4=17.316034
k5=15.875743
k6=2.541681
p1=0.000060
p2=0.000030


[D2CTransformParam]
rot0=0.993864
rot1=0.004147
rot2=0.005547
rot3=-0.004734
rot4=0.993870
rot5=0.110453
rot6=-0.005055
rot7=-0.110477
rot8=0.993866
trans0=-32.359020
trans1=-0.377839
trans2=2.181445
